[pavingiavimas.jpg]
filters=finetune2=1,0.625731,0.000000,0.000000,00000000,0.000000;
moddate=2c2ef556acddd401
width=334
height=66
textactive=0
